,hsa-mir-23a,hsa-mir-27a,hsa-mir-24-2,AR,ARNTL,BCL6,BRD1,BRD4,BRD7,CDK8,CEBPA,CEBPB,CREB1,CTCF,CTCFL,E2F1,E2F6,EGR1,ELF1,EP300,EPAS1,ERG,ESR1,ESRRA,ETS1,EZH2,FLI1,FOS,FOSL1,FOSL2,FOXA1,FOXO1,GABPA,GATA1,GATA2,GATA3,GTF2B,GTF2I,HAND2,HEY1,HIF1A,JMJD1C,JUN,JUND,KAT7,KDM1A,KDM5B,KLF1,KLF3,KLF5,KMT2A,LARP7,LMO2,LMO3,LYL1,MAF,MAFK,MAX,MAZ,MED1,MED12,MEF2A,MEN1,MYC,MYCN,NCOR1,NFATC3,NFE2,NFE2L2,NFIC,NFKB1,NFKB2,NOTCH1,NR2F2,NR4A1,PAX5,PBX3,PGR,PHF8,RARA,RELA,RUNX1,RUNX1T1,RUNX2,RUNX3,SIN3A,SMAD1,SON,SP1,SPI1,STAT1,STAT3,STAT5B,TAF1,TAL1,TBP,TCF12,TCF3,TCF4,TEAD4,TFAP2A,TFAP2C,TFAP4,TGFB1,USF1,YY1,ZIC1
hsa-mir-23a,1,0.792814779398317,0.68810394013534,-0.285088906152048,0.057833581355838,-0.0705830525137858,0.115758052585608,0.172431198287795,-0.0773928358322778,0.0256373138567782,-0.0534032397448779,0.267206759019051,0.0660046255100817,0.0119450305254765,-0.0179499196962656,0.178732346392888,0.0334239169448213,0.0516987881422373,0.297759242301411,0.0682408810989051,0.0164377847271208,-0.0310880867729601,0.0411674707413455,0.0494984471600859,0.186454307902583,0.165905478423493,0.00635723610271501,0.0586785205507664,0.388836504961204,0.33808107631507,0.0614616619609731,0.0244572324697483,-0.0894405818776351,-0.0604883130505118,-0.137090055798515,0.205935112297244,0.112812539699523,0.0138371612611413,0.086434606079933,-0.175652641084084,0.102345594474108,-0.127917794999165,0.0225630743170772,-0.0944744241902584,-0.148725056701722,0.121364144930266,0.174711398149323,-0.0533270306786753,0.111664348089159,0.390963980248913,-0.127623909302898,-0.114320379406952,-0.210359943797775,-0.194310059606757,-0.000433933955710445,0.0412327148492728,0.176048269225094,0.153650431497718,0.0172398919112336,0.07592362629245,0.0632562406444113,0.0132959406967305,0.0029548620002247,0.208419661234071,-0.101877971463737,-0.0250856339044601,0.206094704710742,0.13893347951841,0.208547046918935,-0.101241670665953,0.368658490648331,0.278174472691232,-0.012919822487939,0.0311734271125354,-0.0161249484209373,0.00368173831684105,-0.0941404697585217,-0.0555514747623138,-0.0944172697939983,0.0265143598634542,0.121515442825694,0.408204827875398,-0.162029602258781,0.299394532367375,0.378277117848655,0.0756518955217204,-0.0203009432385412,-0.00498595772104844,0.296077302568345,0.129008144457627,0.245189372967881,0.213658989730443,-0.208946361396741,0.0389685407653614,-0.235538666733976,0.0229344395569182,-0.286024846926314,0.123718321845639,-0.131933841137665,0.425980452639746,0.216311790755276,0.311112890652047,0.147221191463978,0.299377877543365,-0.0373436969397851,0.0899363620752561,-0.156025828294276
hsa-mir-27a,0.792814779398317,1,0.829549962697252,-0.379611590995902,0.065009186822984,-0.0410438515185829,0.129416719978544,0.168980607990106,0.0100663017944293,0.154370679169197,0.0587217309722293,0.369031628505179,0.0358396959803962,-0.0389057878416965,-0.0109243712191645,0.231105069907999,0.0183447023972677,0.102137379022658,0.29331045318493,0.0244635088902883,0.0426550274052633,-0.064130108207611,-0.0725879119072404,0.143757593301623,0.0860820755773309,0.270011450984274,-0.0669448107517349,0.158955969420637,0.563721663170438,0.397926616266473,0.208008938118143,0.036465087961757,-0.149415167079677,-0.00830516579259299,-0.106300429960229,0.148074719360769,0.141488979654822,-0.0608140419642765,0.0913552916130311,-0.159904362352835,0.215544586575384,-0.133422454420549,0.0984319807310481,-0.0566496354136358,-0.263541738781417,0.186797918317475,0.204207337060987,-0.00787337101276429,0.251288433490108,0.5749471185791,-0.19572537898281,-0.0723821592381646,-0.246460385689782,-0.172461684501507,-0.0369602701008029,0.00575808526450291,0.253976390012088,0.0726144836531043,-0.00985966318252362,0.0358504549259462,-0.0671177570569977,-0.0844955689166004,0.0305759275598451,0.238920826643524,-0.100909718118926,-0.0571934304209513,0.128281061248441,0.170016687517825,0.305114636726209,-0.211916130649699,0.381501680729348,0.339032289196476,0.0886845032005835,-0.0935514660138167,-0.0345985419783223,0.136808545082547,-0.0931251684679613,-0.102947751721395,-0.131744430101872,-0.0945759443686774,0.116485272619013,0.449893764303674,-0.254048401826908,0.353523398747371,0.394903665682725,-0.0404091894275267,0.00306069363327274,-0.047818062134112,0.242002419175493,0.119096212080641,0.318490409831513,0.237290754753169,-0.318162751798777,0.00307768605885413,-0.235179914916164,0.0366959025253043,-0.319814963666888,0.221526162603394,-0.154707155987033,0.444367048409805,0.231803785324449,0.340021647750458,0.195747597896367,0.338224115930626,0.0166242483789489,0.116803626040955,-0.17725200209063
hsa-mir-24-2,0.68810394013534,0.829549962697252,1,-0.335001273220291,0.0175325263275668,-0.044962135235467,0.0887790820873668,0.164975478537128,-0.00238219870119729,0.1490802712886,0.0744092965190653,0.349895576202539,0.01258949757236,-0.0878224446009599,0.0391871765634069,0.185523855198211,0.0502934575759868,0.138757369315876,0.208154614970622,0.0189827379185668,0.0794671781676337,-0.0266414719448162,-0.0846817743476218,0.126619792212248,0.0266804516983426,0.179505319953859,-0.124520117200363,0.183122771258063,0.488490009932169,0.329918618287206,0.190489809105612,0.0332842166112916,-0.127588995051495,-0.052784717780576,-0.044548784909051,0.079807522024067,0.132204054742281,-0.0462821259544647,0.13033457256451,-0.123376734243529,0.161615755241633,-0.147144884965364,0.130130870202629,-0.021413204255007,-0.224952181773702,0.18913830124059,0.168999359970443,-0.0303603571162968,0.257975203325762,0.533963772928834,-0.179959407658905,-0.110808594207016,-0.254235546569645,-0.134634479096857,-0.0998244260584588,-0.00320895997974482,0.189618202245589,0.0216359460472322,-0.0102186603656884,0.00562725310104998,-0.0405543640574465,-0.0756862487613804,0.0586628179706439,0.200978365421667,-0.0581049977802656,-0.0768486143985287,0.116003746842889,0.148833655453646,0.282234812964985,-0.171663845997302,0.253792911182977,0.239721164285393,0.0544026989920647,-0.0959359814548034,0.0174833987116268,0.107916881681575,-0.0661986838427669,-0.127035183872508,-0.0612100258872789,-0.111269131306221,0.118777316626023,0.312194948153109,-0.239685633656931,0.251890458595939,0.312683129240952,-0.0500349120039136,-0.015955196647038,-0.0633750854306428,0.135215464763632,0.0100006952004864,0.242344302733928,0.196016780478415,-0.307468472402654,-0.039711739112747,-0.214866335872932,0.028176804321632,-0.326888758473027,0.138068176309656,-0.142641528093832,0.352904576505321,0.186338346048661,0.310520121414054,0.154541050240219,0.246959430930444,-0.0385987836748531,0.129096341222237,-0.134667030338887
AR,-0.285088906152048,-0.379611590995902,-0.335001273220291,1,-0.0241215646264478,0.193903672425857,-0.181083484314596,-0.17748156564855,-0.200209896106883,-0.335965747275858,-0.0133741278582446,-0.169684634608167,0.110613453019682,-0.0522067121722648,-0.0198724343748433,-0.390035322225441,-0.201247222348661,0.112888641939903,-0.0572948419899564,0.0510995257044708,0.0423946302297014,0.294207749211168,0.590076621963831,-0.304959278185144,-0.0211760487429834,-0.340684123440432,0.178329198243764,0.0413387053343554,-0.473898340543122,-0.0414795777081703,0.171156593765298,0.116718354660282,0.150233536650324,0.0872292633372013,0.288698782724004,0.237415933375666,-0.104518701673042,0.0567391188865932,0.0560635357811352,-0.0645732045030813,-0.175564332527117,0.183086892603574,0.134785968848087,0.078555299880231,0.0683030794495737,-0.183066414395054,0.0443965461803956,-0.056536245208709,-0.132990444534281,-0.362894866174399,0.121578425360856,0.108275468801685,0.254438898248585,0.0777517356979325,-0.0062017105865651,0.108666097076596,-0.21932131351463,-0.0598366773125936,-0.0902453037833139,0.0384754141998225,0.0222855953568263,0.179472954605854,-0.0767172809407061,-0.210395246942272,-0.151375074995649,0.116626641009114,0.0409148652845628,-0.078270674124896,-0.151331132288951,0.443289915232995,-0.0882052010192901,-0.107926546914288,-0.282165397904663,0.40528320965211,0.0598153353225257,-0.192821736615773,0.102768631277684,0.515030930112197,0.250140221958252,0.279442233420041,-0.051066015412869,-0.0503269949168145,0.22074674276696,-0.0428551435195232,-0.204297890375434,0.113963863872115,0.0989377332838726,0.101593712140529,0.110786026749458,-0.0371488059148779,-0.127566299056991,0.107929550085709,0.220538153841195,0.0505606265200633,0.222627659312484,-0.238999866996685,0.082105790092952,-0.318865308795039,0.151819788011401,-0.291211191635979,-0.0516874504423234,-0.0574006385378181,-0.301647027001719,-0.212408738252601,-0.0673302155616489,-0.125816205648091,0.0947629544112783
ARNTL,0.057833581355838,0.065009186822984,0.0175325263275668,-0.0241215646264478,1,0.217216914411678,-0.0327626437342535,-0.184968503623528,0.0278934237539338,-0.144416416666973,-0.0536220038598037,-0.0106933771293005,0.224278554031888,0.0071701950323921,-0.0178232838951587,-0.195966979678429,-0.0278938979778932,0.174451301441205,0.264457722331053,0.173515362182778,0.248388924969414,0.109547976432233,0.0774810164641223,-0.207197875189279,0.267214286115782,-0.186361699740509,0.287756118034554,0.0955278611873151,-0.0107698448435315,0.0221164668401369,-0.17730667838048,0.272061579906452,0.231108268226937,0.0989339857050533,-0.222237138755123,0.0131655273236732,0.0457096567792257,0.230820807239391,-0.0842086149154655,0.111986181868819,0.286256599263243,0.270740051010527,0.0577191600701405,-0.163517304925924,0.123635502161185,-0.278684593599424,-0.0571136732128406,-0.043821830108781,0.0668766201021771,-0.0262975938090101,0.212169092925649,0.106182829313612,0.12275015917144,0.284607231957225,0.0263072952948359,0.304723863684025,0.0314734890602903,0.0749840008147008,-0.257866123573446,0.025488969250988,-0.048385767141671,0.296217095838232,-0.26206031616947,-0.183168996030355,0.00260319945225017,0.131871293813788,0.0832128199444239,0.0519916024263113,0.273758266135003,0.12221956461835,0.177991517042016,-0.145148065975311,-0.0213339825244169,-0.11554625202399,-0.0213583143524483,0.0146937234127789,0.276143349508728,0.0659210963385543,-0.103008565360607,0.00291619798836459,-0.168957478907202,0.0944525833594541,0.123255112662296,0.186897014705475,-0.011873796129193,0.139477289317004,0.218031157400192,0.176881060365843,0.00455792241780436,0.120788245498143,0.161440287489689,0.174688555731327,0.172949377205814,0.201223500632544,0.242705408090578,-0.0232599687347906,0.132027501030522,-0.219845731771419,0.252946745996095,-0.219422837244216,-0.229778002356474,-0.0885555854006729,-0.291394567267272,0.138159986697899,-0.0941083905580792,0.120968341165688,-0.048295950009162
BCL6,-0.0705830525137858,-0.0410438515185829,-0.044962135235467,0.193903672425857,0.217216914411678,1,0.00872263706929521,0.125427509860446,-0.0204060243790732,-0.22400940093674,-0.00374729222729668,0.144868719843936,0.154215975797971,-0.0274977138686828,0.0533199474011336,-0.161395221976211,-0.00747534518836367,0.141615235948352,0.021880421221831,0.116688381630576,0.230916945642163,0.124161787593714,0.151521928723808,-0.2043278337778,0.132898639736548,-0.0681437320478853,0.21142425831799,0.147152492837354,0.0687255719757737,0.270556700422856,-0.0241085978002399,0.229462086062438,0.111647566392598,0.143029387052201,-0.023692042603513,-0.00161539491604722,-0.0360946979503543,0.0954395601486075,-0.0826404697698323,0.262369905760644,0.233946467149646,0.155934198482755,0.146092436691113,-0.0105596551944925,0.00616552123002458,-0.122819825058091,0.0757261694893452,0.0407056681665889,0.0502210003124008,-0.0775688427424833,0.209064445403317,-0.0520920012959179,0.178065097937836,0.169882242134087,0.142001397031608,0.235563219662004,0.0661468738305023,0.0686574604223657,-0.114340209998559,0.029297394896007,0.109158840770453,0.294433952934594,-0.0677628862337889,0.05750302615235,-0.0664240787816267,-0.00943042926562686,0.0977432633032971,-0.000855456218640399,0.291720595543434,0.261548297119369,0.0810780558986298,-0.0305828536500793,0.128532751322992,-0.0338023592863529,-0.0321468640945974,0.0279012466950819,-0.00921870593024076,0.0851929713552598,-0.00689879294613311,0.0470213934266359,0.157510374120874,0.16914346194256,0.098810081213955,0.170809680977766,0.0968238915900559,0.104540047474892,0.246759240133658,0.121822125756213,0.101970982455672,0.196610900291705,0.0358623691338459,0.262062483243551,0.0625781457915738,0.0616913288618915,0.215997690230074,-0.084900494105243,0.177407331853947,-0.10051076754798,0.322473102144967,-0.217447463283913,0.114178169513745,0.0267013363722333,-0.119222531659312,0.19570940762869,0.0933937101846579,-0.00172470458515548,0.183335159397722
BRD1,0.115758052585608,0.129416719978544,0.0887790820873668,-0.181083484314596,-0.0327626437342535,0.00872263706929521,1,0.278715299091356,0.0921906134562171,0.0864508615708677,-0.00520319940630891,-0.143464240028424,0.168957021684216,0.324128700381955,-0.0327950645545716,0.0478912176406866,0.0666068895535416,0.0309573891928956,0.216117812458667,0.483995382274639,-0.0734633067007616,-0.000143403528567069,-0.0724235154173943,-0.0281701072026598,0.0548334080728547,0.174064864375276,-0.095537937433547,0.0584295570830085,0.11010546455122,0.0356962323330994,0.112625619184093,0.040163977791105,0.0103183444348669,0.0771217831062882,0.10931451870189,0.0265060783792604,-0.128620898705648,0.214391446113531,0.0841384260172943,0.0672929522270939,0.0660711588479632,0.141559205243207,0.0216736642253426,-0.080587378941595,0.181244375572715,0.209282448900037,0.284826996936856,0.0177433821605741,0.167400828522513,0.261406739001365,0.192108270663513,-0.00521862277253714,-0.13949253670952,0.0205825881600763,-0.138665390253884,-0.0795205978315507,0.240716275301778,0.0570317897336307,0.251329526008484,0.195122494442651,0.290175177115773,0.0515705658310681,0.121298228843125,0.120552350715526,0.129064981089299,0.161726138819024,0.189385459711896,-0.0365322095578049,0.137414332907495,-0.0692293191443073,0.207755792631911,0.0469351253495318,0.324713766632431,-0.0713602173389534,0.137719763293814,0.125812631063545,-0.0386884781706574,-0.0227293770158353,0.248385328402274,-0.0423047084115155,0.0404802984511128,0.139752309116517,0.0150170280989749,0.093984780994332,0.107772693691614,0.312286738288154,0.172590082790409,0.220344580790206,0.199276862185805,-0.129257120996552,-0.0805547848662624,0.0476989883606155,0.0473921678732472,0.348251568880198,-0.0769042580293577,0.110246333405728,0.153333279884955,0.338280336694807,0.00123014517708901,0.0419617497556195,0.219991001838649,0.248222230092996,0.230890882329757,-0.00132165605350231,-0.092843640793148,0.139941489433014,-0.0348104746473172
BRD4,0.172431198287795,0.168980607990106,0.164975478537128,-0.17748156564855,-0.184968503623528,0.125427509860446,0.278715299091356,1,-0.0079709816559285,0.103206465755416,-0.0070246147297217,0.285506059635732,-0.0944696327161333,0.115078038782506,0.253818045258362,0.386325530206575,0.0804171016367423,-0.0865657526057681,-0.083003820435494,0.240563297577934,-0.230422248047803,-0.188271661591583,-0.00719040578707018,0.0391848792303591,-0.158406427795153,0.362248482924496,-0.226198672870062,-0.112432346885496,0.235381807146269,0.178324856646282,0.0190190614405053,0.0533573972853976,-0.183783199731919,-0.074174979840439,-0.0883753178119994,-0.0759118878787892,-0.180481547470648,0.0618104649136748,0.166727381150508,-0.0866582734180413,0.0283791609108683,-0.168911072900236,-0.0285122865412471,0.283579161426197,0.0413628738123171,0.271441664800765,0.191261706567678,0.116598570320809,0.0510749803280046,0.232987990880951,0.0486030308327334,-0.169885017672098,-0.187111787934631,-0.179632686637975,0.00496567257437406,-0.159134851460622,0.0942181187550255,-0.016594162872205,0.375943401627791,0.0655624373992063,0.358395166671946,-0.072440301984007,0.432817868668921,0.189199310560822,0.154858319462202,0.0355541365435736,0.148490942355183,0.0796010633515475,0.0475457644419717,0.16615924896161,-0.00417687553718012,0.286960073137098,0.241437988953383,-0.0215558607394187,-0.0408885755428704,0.0680064620986903,-0.200845253239267,-0.0852564315508708,0.234233289191578,0.078866658414649,0.391439676730278,0.139797212446497,-0.123907420785318,0.0350430852653363,0.263001600862085,0.241585985351822,0.0375610194705637,0.0317393070098384,0.186789377463268,0.0705103932114361,0.0165091420164518,0.0192417792780609,-0.272898413062086,0.0433486406024951,-0.311220049815238,0.173553400885368,-0.0368871239564928,0.478644705695009,-0.105099457822782,0.312836015891457,0.253085738646335,0.186749519212218,0.430731573543679,0.154617665020582,0.0595507731258333,0.217202428405136,0.20152294379305
BRD7,-0.0773928358322778,0.0100663017944293,-0.00238219870119729,-0.200209896106883,0.0278934237539338,-0.0204060243790732,0.0921906134562171,-0.0079709816559285,1,0.146071316119321,-0.108812598473661,-0.13370241275312,0.0888042142459389,0.385406133210134,0.0154574358020087,0.089711957872316,0.156187672391062,-0.0875133482111098,-0.0078362597795875,8.33016284901873e-05,-0.137721082569534,-0.15625071721838,-0.18141110684662,-0.056725359515519,-0.108759137871775,0.128478517562885,-0.115227274740912,-0.0744711743479409,0.0414351369150626,-0.128279395299481,-0.149384303438614,-0.0303105822917251,0.0988251987410045,-0.0326315719224643,-0.0491970984901416,-0.0916117414610049,0.0957967685365793,0.0607625775231565,0.000284450525623245,0.132267072421259,0.129601680398387,0.0569507090815521,-0.120667292379196,-0.0591309088086642,0.141943228030879,0.204094541686555,0.0566215149588528,0.0463576238828112,-0.00664992433572774,0.0646402592934625,0.0740417484533286,0.296862034101714,0.0113174598686602,0.0813276558867501,-0.122316633202552,-0.075652422556441,-0.128481747697089,0.0168728385803369,-0.0259882326205277,0.0751938118128992,-0.0611379569308484,-0.0461431458416968,0.00885884612068439,-0.049083820311898,0.164125604918546,-0.02785171074405,0.10303063614628,0.0243021791211278,0.106934347141758,-0.195023449833603,-0.0829826496182078,-0.205727634809659,0.0935138151065716,-0.296578179188276,-0.111716513350343,0.00637952709626209,0.00306608573981297,-0.102158560882105,-0.0446889976002062,-0.246317506435265,-0.0981899637210947,-0.11872203476117,-0.0409180728485482,-0.0083893670910027,-0.114142534417624,0.0601692361135889,0.0770314694304398,0.0511552486465192,-0.0837171372830662,-0.130558991780959,-0.0355899989819692,-0.189663407402634,-0.0586737691288301,0.0997611944167755,-0.0460090859389636,0.152078045283699,0.163118010899491,0.15317202316201,0.070647485747889,-0.0503182495097168,0.0082302099116933,0.0612159828301363,0.127327844900903,-0.0721045319494457,-0.00165329250339575,0.148251404750651,0.0102713303408139
CDK8,0.0256373138567782,0.154370679169197,0.1490802712886,-0.335965747275858,-0.144416416666973,-0.22400940093674,0.0864508615708677,0.103206465755416,0.146071316119321,1,0.16891413043329,0.086829486504948,0.02581408745038,0.155967688929913,0.0315235226791366,0.251886286882742,0.156878409888636,-0.171333062991826,0.231595236303448,0.00802262539895164,-0.183988439229835,-0.254022106457816,-0.34654275953417,0.251409518931357,-0.172307842122168,0.3988623163638,-0.26303759217407,-0.0987807124953184,0.214878391343138,0.0254651211218921,0.150921915213778,0.00569861532188372,-0.048966587595385,-0.0754959458707472,-0.148093556212726,-0.208398350289592,0.0527867833038757,0.027508989324751,0.0755030265562954,-0.0751607527642227,0.0887957849609203,0.0256909489149265,-0.0863465381987494,-0.153689265770608,-0.1532069935478,0.283177335099621,0.120625218703059,0.0664249833353097,0.28856397997258,0.33219485695396,-0.0989369935593564,-0.052460121402477,-0.301326734516694,-0.153664768260064,-0.264066173808796,-0.231296973959347,0.0820971460940351,-0.176036107673685,0.182037202316362,0.108368720892166,0.0782647825325245,-0.143258752151344,0.0415464014655035,0.297536005797513,0.0797247749998205,0.00941531504250095,0.104352612703374,-0.0572107044612297,0.0663531336781313,-0.397965934454949,0.0648139485637857,-0.0554024504997967,0.257445822838613,-0.125271845020822,-0.127180394071777,0.0869384503237343,-0.211608342896024,-0.217285044608989,0.0329057526830085,-0.272855304230481,0.00101365946823447,0.0765611582528255,-0.141817441282873,0.0272818623206545,0.0515675060139743,-0.143894720243818,0.11767493064659,-0.0644800831319969,0.0325225015980938,-0.162148364432181,0.0263053803063697,-0.0840475854797489,-0.183404240223394,0.0727216657987102,-0.234603212062109,0.224238505706317,0.135484371906447,0.287523370081545,-0.151178531610108,0.149480757167389,0.0301828690076684,-0.00194721254890391,0.274953463681137,-0.135037760141582,-0.069979294745463,0.131233011444718,-0.000546610727392265
CEBPA,-0.0534032397448779,0.0587217309722293,0.0744092965190653,-0.0133741278582446,-0.0536220038598037,-0.00374729222729668,-0.00520319940630891,-0.0070246147297217,-0.108812598473661,0.16891413043329,1,0.221122881393633,-0.156366864042597,-0.0714386695136556,0.00246301127869518,0.109288690203321,-0.0657978781688176,-0.0291068612931653,0.0862971909781697,-0.0805555276550466,0.0477556001157636,-0.0725286775927377,-0.202086103263707,0.303743922834616,-0.119879912648616,0.130684694411738,-0.000267904492532217,0.000385925270637018,0.00866281083902814,-0.0605648697684078,0.302581016614445,-0.0299239492754184,-0.0469801263123616,0.00990148570272936,-0.143572709672601,-0.0260618597993494,0.152938961422802,-0.0845139270254677,0.0262648315445053,-0.129991762335695,-0.209366268518262,-0.131914513662959,0.0446329946248658,0.0216775405727568,-0.201535959392533,-0.0501493998220554,-0.113735386688287,0.0699724264433288,0.231675033092146,0.132252547325197,-0.265248908385146,-0.109621636620859,-0.149247827624442,-0.106951684943267,0.0863994127424622,0.0853478645412414,0.106909824627574,-0.0911661803169208,0.151813869829826,-0.0615361619440499,-0.127793208747428,-0.180722026138604,0.0622748190614987,0.182930539385461,-0.0782988728790313,-0.102186173958656,0.114935813446217,-0.107133903701194,0.0842417520884035,-0.147717387788537,0.120564169929112,0.130954558063465,0.0942467434714191,-0.0595659587354788,-0.116818545900502,0.169008706316147,0.0636060870804046,-0.267555997880432,0.0350130243716158,-0.068044887527003,0.0387688276792976,0.0801586516531397,-0.158898849231874,-0.120636618524193,0.106180537594598,-0.176305456536239,-0.0491782422141899,-0.138856678450543,-0.0330197955466801,0.136158899958304,0.115074775725371,0.0597502878275579,-0.0585210905699455,-0.124044063006318,-0.0521901695966042,-0.0124156619430566,-0.211502135010872,-0.0122688328423439,-0.19652360305256,-0.0270316588557395,-0.113384550321338,-0.0927576574130683,0.107996332529952,0.0147371013336665,0.0952665111485497,0.00776666882397627,-0.0387138793042923
CEBPB,0.267206759019051,0.369031628505179,0.349895576202539,-0.169684634608167,-0.0106933771293005,0.144868719843936,-0.143464240028424,0.285506059635732,-0.13370241275312,0.086829486504948,0.221122881393633,1,-0.290485113433847,-0.354230928930281,0.149668884328449,0.281191179890898,-0.0470325585376744,0.113149854039406,-0.0115721701960048,-0.222012065895053,0.0495874145283082,-0.0944640171662483,0.0292319001500065,0.208251442692749,-0.0746683031601769,0.149686075845365,-0.0629253648639125,0.153443502653275,0.445858409324736,0.337714252914636,0.167122262032741,0.125985902593376,-0.230307223152125,-0.0595735361217184,-0.188224236409254,0.00835843344305758,0.200679047275586,-0.277130044800946,0.211526231814526,-0.270538930711147,0.0470697705493753,-0.276791913399654,0.242027797098818,0.396153645115224,-0.418633613736557,-0.00185532146647477,-0.0726294242654514,0.0307823877017546,0.128936998273828,0.338994204736365,-0.333847450048068,-0.173914937566381,-0.143189773108995,-0.131617295640212,0.158595827469285,0.0186596237245259,0.207016056953331,-0.0252325392251684,0.0330319826618527,-0.262909645027588,-0.0730583463089374,-0.189199865843723,0.181415384620637,0.204179894608848,-0.0833356785105172,-0.236667902530359,-0.0539844219257345,0.25679726457889,0.0872888258921897,0.101301085207583,0.125253771019126,0.490382379135342,-0.0534001386816801,0.011289024438288,0.020362562346828,0.0575121171050165,-0.0548976962803846,-0.0952358766700602,-0.160403475835845,0.143505992960995,0.350283159347678,0.310763512282869,-0.20970328312732,0.141968743994046,0.323702554870935,-0.214966068315317,-0.192858489196432,-0.291109537159325,0.00926529420116533,0.292468149131371,0.222451661098138,0.204838112398169,-0.318269518423166,-0.322307630531824,-0.213565275200077,-0.0217785251390833,-0.425547108869318,0.0844954396759195,-0.244162175593135,0.369214521720704,0.0439866811457379,0.12937732624067,0.151672274205103,0.288558840827576,0.186664458767135,0.109250738886931,0.0113159160705611
CREB1,0.0660046255100817,0.0358396959803962,0.01258949757236,0.110613453019682,0.224278554031888,0.154215975797971,0.168957021684216,-0.0944696327161333,0.0888042142459389,0.02581408745038,-0.156366864042597,-0.290485113433847,1,0.413471219155942,0.0536478654343567,-0.196828660454878,0.134807474013312,0.138180309407323,0.497424984598547,0.519467799882712,0.115470873613217,0.256272969512306,0.183655532541149,-0.536689626764957,0.342357438540293,0.0502976795872528,0.29059624506643,0.103761798653399,-0.0938937151109843,0.116830744305292,0.11373829372075,0.220527361951285,0.579824337246637,0.14966630552348,0.00599613059795042,0.178312725582802,-0.0412351295858762,0.527343580577291,0.00394443291774399,0.0845749126544843,0.318659559848598,0.614007868094447,-0.0138644358978848,-0.434362263421666,0.339723382599097,0.0738469916994883,0.436862245153089,-0.00973800233203229,0.249723805851533,0.120333012116318,0.519285092571143,0.241405382527517,0.00895723516467507,0.201078047434322,-0.194029009141367,0.132714307559037,-0.134909186645576,-0.0425659728351417,-0.0638502942371382,0.520244088532974,0.155109502118717,0.49457555803399,-0.353460540635389,0.049941861795133,0.0738668544212783,0.420971774131465,0.445410005230917,0.0113828541791358,0.280136415961325,-0.0788020769565494,0.290508231192976,-0.251498830389628,0.142971519207508,0.0940450083083776,0.00093509886412564,0.15933260366639,0.15422004788308,0.244757609009807,0.18489761457354,-0.156568992616621,-0.243435579762441,0.297192779786612,0.291043094654568,0.361448248445243,0.104309742634725,0.460611367992328,0.453337889650371,0.61458665693727,0.405880496759866,-0.0832665317560992,0.260013954820055,0.269200318459501,0.0803834407971548,0.561288737320238,0.165244003920499,0.0843379042539291,0.431077392077678,-0.0491573516192206,0.442540784901581,-0.0894647053307488,0.162533655959572,0.221077979239277,-0.140256085270725,0.00520691524893264,-0.335374323521131,0.261953874553405,-0.0227033944803932
CTCF,0.0119450305254765,-0.0389057878416965,-0.0878224446009599,-0.0522067121722648,0.0071701950323921,-0.0274977138686828,0.324128700381955,0.115078038782506,0.385406133210134,0.155967688929913,-0.0714386695136556,-0.354230928930281,0.413471219155942,1,-0.0226976572076824,0.050267621623295,0.103305219945641,-0.0621815738815415,0.351730100950151,0.418078447345685,-0.125600561751574,-0.035866355386664,-0.00483447687714776,-0.193853354715688,0.155991166429614,0.211262718450588,0.0143357886095421,-0.0685186287660714,-0.1021477534965,-0.0691565000264103,0.0516658141648031,0.0563576304867125,0.244793909260247,-0.0268903063709585,-0.038079862921923,0.0934615660617471,-0.0613551490926424,0.389108897937896,-0.0157682943296893,0.0401476399285853,0.0941816220725385,0.265676306738991,-0.142931367442881,-0.280523120821317,0.351386889229857,0.225084423517754,0.32206202161896,0.0361583199218419,0.132732920035663,0.0852482654938185,0.265740538746648,0.155038746704516,-0.129611629355312,-0.0151806844179923,-0.240853428929548,-0.0750711467593932,-0.0424691599374215,0.0498573049183435,0.24349401909749,0.440101978452612,0.295963165229891,0.15015611896455,-0.0177820425383402,0.121964219747756,0.127226561970841,0.301202729721997,0.569258664025874,-0.103732654115487,0.0991510046681843,-0.151061887923792,0.219155480435099,-0.183744201392984,0.260296730882562,-0.0181813851454291,-0.040764522921064,0.0938514903155616,-0.0338813537844556,0.0147939166138765,0.262969667969703,-0.135364715422902,-0.0888574543350493,0.0935642923883653,0.0436081707166053,0.0800796617417758,0.0155151115007444,0.442736212755183,0.337286939601856,0.397325584209871,0.354822204252815,-0.172567033299387,0.054316648901841,0.0259575616364171,0.0406305770091221,0.435018337995298,-0.0896368290181828,0.116551552653961,0.391926944149332,0.210651548216346,0.111984224868063,-0.0300479866569273,0.175989118722084,0.124151234085818,0.198419654725869,-0.112167586600611,-0.174189065591163,0.243195915478454,-0.0133944517874349
CTCFL,-0.0179499196962656,-0.0109243712191645,0.0391871765634069,-0.0198724343748433,-0.0178232838951587,0.0533199474011336,-0.0327950645545716,0.253818045258362,0.0154574358020087,0.0315235226791366,0.00246301127869518,0.149668884328449,0.0536478654343567,-0.0226976572076824,1,0.152287657572952,0.148769970928348,0.00653342919916217,-0.0591465401682686,0.0787311131959702,-0.11501006611211,-0.0476999569352629,0.0638610578866361,-0.0876318393635754,-0.0836886929416193,0.14809515501758,-0.0240403706803934,-0.0416321419106755,-0.0082359517366525,0.00461740423478511,-0.0570186414369561,0.125151731200784,0.104736298342917,0.013890391974855,-0.0987443206502282,-0.110959451527338,0.0182664999666756,0.0610650611548672,0.0845814183356468,-0.0391522959470798,-0.00198986514603197,-0.0133794175603501,-0.0226874750321778,0.102425521549592,0.0422964914204537,0.0904098286280678,0.0221930822128581,0.135700374817283,-0.0374590015678219,0.100730620552629,0.0354223754875646,0.0198251548670836,0.0410369590376966,0.0349979288281242,0.016553395554573,-0.0393306284586586,-0.118498972547351,-0.128281844112941,0.0804614141693977,-0.0511660185311829,0.0745225189874053,0.0264682763884835,0.127563150899659,0.0150983445832947,0.2018423797504,-0.0119872334598208,0.0885467138474381,0.169739880051457,0.0444086771381732,-0.0351494987754395,-0.104131040046154,0.111251743807481,0.0457098898672344,0.0300733397428191,-0.0177687136074718,0.0642072141605265,-0.0590760386503262,-0.0140596030417373,0.135584857211663,-0.0408751907865406,0.0266435468291479,-0.0329984996192056,0.00470201245933414,-0.0070797582118255,0.166607224993929,0.135423136685356,0.0275973068586781,0.0276491020572352,0.0623366512506698,0.0341309135014542,0.0564409090990133,-0.0398536908652028,-0.178975964306027,0.0129862342430022,-0.0712097842135866,0.160654182463485,-0.0274993587861962,0.0847785839191993,0.0474058687219187,0.149661170204042,-0.0178886717045919,0.0319754246006797,0.12819457859832,-0.00404570432075945,0.0145305570968199,0.186633916985849,0.178956015434821
E2F1,0.178732346392888,0.231105069907999,0.185523855198211,-0.390035322225441,-0.195966979678429,-0.161395221976211,0.0478912176406866,0.386325530206575,0.089711957872316,0.251886286882742,0.109288690203321,0.281191179890898,-0.196828660454878,0.050267621623295,0.152287657572952,1,0.269939456467024,-0.350815744088832,-0.204773953766944,-0.18008210360031,-0.409861240509203,-0.413950348205744,-0.144257848260008,0.137266938775858,-0.251008834517711,0.768406402337142,-0.283669422770647,-0.327898768840658,0.20143089519621,-0.0505018282371339,0.121380736955402,-0.29819832848724,-0.240840925601135,-0.134530868525277,-0.233034358143178,-0.065726790184573,0.0678906838491759,-0.206681534623678,0.136998578222662,-0.0465176559058292,-0.118275320282421,-0.422858333111146,-0.238974198640098,0.0364301404760786,-0.118818553536826,0.397754904339146,0.082912224398611,0.259608580933499,-0.126800857463124,0.189857950016052,-0.300404910007694,-0.118934114590629,-0.284033814046503,-0.180447308188577,0.019809570069041,-0.330756500393252,-0.0519735454278935,-0.014696150028372,0.391017121024333,0.000299475496112059,0.0550436597202802,-0.383144406100034,0.40892137706685,0.127091647930972,0.175515033035734,-0.286793018514209,-0.0519266879011191,0.10257468252928,-0.168835315466217,-0.257569855690997,-0.106586564734525,0.246480859913896,0.132185449940126,-0.253409895202731,-0.31052891505064,0.0897823786279677,-0.177532518235132,-0.261910542176705,0.00570654158519705,-0.029342908648405,0.17153020450353,0.188145126224177,-0.285260811236658,0.036778057126239,0.253110823399408,-0.00528101681088755,-0.157312426025304,-0.215474586075286,-0.0475257702812298,0.108929835329791,0.146574563769634,-0.189593757001448,-0.435114082255442,-0.0964828002853088,-0.442852174131484,0.272560237199721,-0.196229622384976,0.551552571353526,-0.257324149822319,0.355714867748561,0.162978761851434,0.16182599351307,0.518305819160954,0.0690835531149705,0.370269569655003,0.140762962436941,0.154870702104771
E2F6,0.0334239169448213,0.0183447023972677,0.0502934575759868,-0.201247222348661,-0.0278938979778932,-0.00747534518836367,0.0666068895535416,0.0804171016367423,0.156187672391062,0.156878409888636,-0.0657978781688176,-0.0470325585376744,0.134807474013312,0.103305219945641,0.148769970928348,0.269939456467024,1,-0.133832272019224,-0.0949540079909069,-0.0217591897023059,-0.240999650554627,-0.220344385432641,-0.05788660042571,-0.215764607550444,-0.175328523925441,0.288143103215093,-0.195643561574551,-0.175304279110731,0.0318530825889043,-0.100002370997362,-0.00688259785611932,-0.161266327825242,0.0867499207200684,-0.0229054436540506,-0.133256634610501,-0.0390590862980895,0.0801260074692101,0.080118826864964,0.0499990257201876,0.174804483174655,0.0212052890438244,-0.0244287459530002,-0.23345479060776,-0.14155028864886,0.258100425535698,0.249269151456214,0.200466270013003,0.116865109138417,-0.0963545844605118,-0.00513107580678335,-0.0153732090266166,0.101589813948681,-0.114974595049831,0.0795944930542119,-0.167736656228338,-0.212788067054158,-0.195530433078537,-0.0292308265191386,0.0882926505142709,0.119315269086063,0.0482891824337479,-0.083577748742084,0.0550265253234293,0.0160203186926487,0.225951569898861,-0.143384799352848,-0.0327536217394052,0.0675659882101222,0.056321764783761,-0.275876158913911,-0.20108060194354,-0.11261819367816,-0.0317180063434325,-0.25172140107612,-0.117707089233264,0.0167178499244131,-0.00161958286366244,-0.115024983144591,0.0588732612849425,-0.0915863952252799,-0.146995275426412,-0.0164314807759621,-0.0704759678017008,-0.00507604388815025,0.00780610857648662,0.181676788749839,0.0365142527966029,0.053434136675229,-0.0429554632603137,-0.115418069580142,0.0558778197208814,-0.11048712691817,-0.13822011640729,0.1470729821899,-0.143434252015236,0.307578195972686,0.0637366128730164,0.152165483640497,0.0531759716840107,0.100737572615236,0.131702479251701,0.170490897992389,0.183305964779034,-0.121244075263174,0.0783151346573387,0.115871785650914,0.161582405515082
EGR1,0.0516987881422373,0.102137379022658,0.138757369315876,0.112888641939903,0.174451301441205,0.141615235948352,0.0309573891928956,-0.0865657526057681,-0.0875133482111098,-0.171333062991826,-0.0291068612931653,0.113149854039406,0.138180309407323,-0.0621815738815415,0.00653342919916217,-0.350815744088832,-0.133832272019224,1,0.203995802047104,0.120456057413895,0.320984364017577,0.317195048736457,0.108081266620285,-0.125075681296431,0.201621662662391,-0.319553925302018,0.207237553623352,0.818713249978961,0.213294925185049,0.288332722509025,0.00599882614969195,0.28533402602277,0.0977607595771169,0.117604147997403,0.163908412341066,0.124602159056226,-0.00444553122944628,0.109801575507533,0.141921491358808,-0.0137999686462524,0.136283019621706,0.189820521921956,0.640803228208157,0.268832864967036,-0.000441890484771488,-0.177005207752118,-0.0283877661488155,-0.135081885499466,0.20170749925817,0.136626544985598,0.157051992898015,0.00440124246639134,0.128148304057501,0.151454561931332,0.0226486989487139,0.225226340560498,0.193137974218846,0.00982241080836604,-0.166897382056932,-0.00176700949866379,0.0126210481434812,0.247054959966032,-0.209967538189036,0.0946606013713583,-0.082452876107166,0.116711532111622,0.0878468197245525,0.0649622766025533,0.23662284761878,0.184314642907866,0.189394135821649,-0.0188746408252459,0.0543392560473979,0.151727070602787,0.618673388873246,0.0643499910722871,0.210330394506331,0.1906211671937,-0.00316841212139289,0.0648829508036528,0.00326765866431388,0.0968112395148269,0.204679534231341,0.178792287581049,0.0503795429393875,0.0482267070723163,0.149751619321477,0.12940268603672,0.0546504874675169,0.0079552666331077,0.0060763974662951,0.212371826850153,0.169722327956905,0.0679757907784676,0.279924224627611,-0.0948040107171261,-0.022254664221772,-0.207353894586232,0.230481318745377,-0.0108256309823161,-0.0522609921838313,0.0682994090903727,-0.278288057158712,0.166777845339723,-0.268827350832436,-0.0187814511396951,-0.121814572685314
ELF1,0.297759242301411,0.29331045318493,0.208154614970622,-0.0572948419899564,0.264457722331053,0.021880421221831,0.216117812458667,-0.083003820435494,-0.0078362597795875,0.231595236303448,0.0862971909781697,-0.0115721701960048,0.497424984598547,0.351730100950151,-0.0591465401682686,-0.204773953766944,-0.0949540079909069,0.203995802047104,1,0.48443157285401,0.225076097257944,0.138715434858055,0.0999412617220337,-0.0900217629743729,0.361356279703658,0.00389869116687554,0.179447124634253,0.236751215615097,0.155372689096225,0.321570823233119,0.244708504144854,0.37348783259721,0.309017673287836,0.0819469703487609,-0.092371821441628,0.22899036350644,0.0807114114201095,0.477561902763276,-0.00194939713889432,-0.170483822400804,0.254661017832694,0.439711988510534,0.129333706215903,-0.296317152023974,0.0617177824914778,-0.0700214374012578,0.266248200445429,-0.096438520306603,0.471404259328928,0.446878135685363,0.24204738822138,0.0923156678578377,-0.184519177317368,0.0174211338052989,-0.208342788892725,0.0809590151112866,0.262159408295091,-0.00216969742942074,0.0155710576494166,0.376843537275927,0.232826107810791,0.35208926892101,-0.287430982002938,0.232120930837085,-0.0874669327926631,0.396195421514328,0.458342781260571,0.00777106397369968,0.424967869454186,-0.10970750419165,0.615658916885616,-0.0371333781445174,0.16154606915071,0.175077860705061,0.128340564665751,0.142723066996133,0.0314838583918912,0.160905537485277,0.177294490978241,-0.0383322498497759,-0.00894053634210396,0.457370158239011,0.0125072456132435,0.352082760973461,0.212804442402257,0.291222879410026,0.417040023849234,0.391110334057676,0.506991262925096,-0.00593982266139607,0.317301502228155,0.398749771068163,0.0634045921412571,0.435402321082912,0.00436123070798592,-0.0427518846685654,0.196597217318033,-0.0646304434857324,0.0511124487488738,0.0629156931699321,0.118282678701671,0.191628216784077,-0.086891323192584,0.0918583280028522,-0.386177566537204,0.181224976815925,-0.26068151099751
