,FUS,ZBTB17,ZNF692,NRF1,MTA1,RCOR2,E2F1,MIER2,DMAP1,ZNF205,RFXANK,TRIM28,SMARCA4,ZNF48,CC2D1A,ZNF335,CTBP1,FOXK2,SUPT5H,DRAP1,ZBTB48,ZNF580,SIN3B,KDM1A,TFAP4,KLF16,GATAD2A,MTA2,GTF2F1,MLLT1,ETV4,TARDBP,DNMT3B,RFX1,ZSCAN9,KAT8,ERF,DPF2,THAP11,BRD4,ZNF121,PAF1,SSRP1,EED,ZGPAT,ZNF629,TEAD4,HDAC2,MNT,JUND,HMG20B,PKNOX1,ZFHX2,FOSL1,MTA3,TRIM22,FOXP1,ZNF217,MXI1,KDM6A,ATM,ZNF143,REST,NFIL3,CEBPA,MLX,SP1,PRDM10,ZHX2,SMAD4,CHAMP1,ZBTB33,ARNT,SP3,NCOA1,ZBTB20,IRF2,ZNF24,ZFX,HMG20A,NCOR1,EP300,ZBTB11,CREB1,ATF2,KLF6,MIER3,ATF1,RB1,NBN,THRB,ZXDB,HLF,KLF11,SMAD5,BACH1,ZFP91,KLF9,ELF1,IKZF5,NCOA4
FUS,1,0.400532292534525,0.447887571722745,0.525403402714552,0.425704595743446,0.347275813693376,0.351395999920049,0.331972281128383,0.42896735361077,0.394623262717534,0.38027066547181,0.394358792612655,0.435120186924662,0.443248842667323,0.20244184575356,0.348033545377404,0.314223053977564,0.24090655593335,0.348725320300364,0.303552989597629,0.315939028000395,0.283652619071276,0.355427888841301,0.282858615208456,0.376584205047958,0.215946446784223,0.294162344794771,0.300929254328919,0.390863737308015,0.310526362229062,0.106228169256848,0.418028053259324,0.268748128569085,0.286994570715004,0.295922140653597,0.41607115411896,0.310863141292084,0.3950634283907,0.247456231396176,0.256715749748454,0.183473993603546,0.304241688611313,0.33970013064693,0.199132457341916,0.30161481656245,0.305714528107231,0.136968626496387,0.236523110419571,0.208167853644169,0.0932416100253897,0.191586483616952,0.238775441364302,0.201478412398223,-0.0219984820378582,0.331501125046905,-0.146625298628826,-0.231040689969383,-0.152784142819228,-0.0954595258240549,-0.0976848382742039,-0.081651469623342,-0.0702494437051297,-0.144432998294157,-0.267297725845337,-0.205663126067638,-0.300102331787988,-0.118878859557861,-0.0919566811874418,-0.0383074975488764,-0.108835510567009,-0.0537944810996242,-0.170778516122871,-0.127188272143297,-0.109008185465895,-0.10893529974784,-0.259452010004695,-0.222211294434764,-0.0863800327795287,-0.138234068489178,-0.0464468433257763,-0.205923149797712,-0.171092510923785,-0.207795331436178,-0.126020598600262,-0.19291487578625,-0.298548951106224,-0.175590269046813,-0.233977142529057,-0.246517213040369,-0.193593013714781,-0.318561162492861,-0.205141834348348,-0.187233517357096,-0.265953248250159,-0.217163136667935,-0.344251525725986,-0.247611146918471,-0.321681355633391,-0.286896308919918,-0.22900089187149,-0.50343708960254
ZBTB17,0.400532292534525,1,0.490221918777982,0.396138692516183,0.473007956872163,0.251225195728045,0.287379103157834,0.518790138773322,0.604603861407488,0.543189150439795,0.528225655129536,0.476993839538192,0.410530023875034,0.295840053667697,0.405146175461256,0.435262808459467,0.518633520960918,0.26589333376331,0.518063739173576,0.523159858697395,0.690834172709721,0.417407540173211,0.358259285864848,0.403223484217739,0.256671711667727,0.330717969107038,0.221861247880681,0.431225320835861,0.417035608001869,0.397238604612635,0.0621132614006908,0.389358770849959,0.150007692911125,0.330281353039717,0.173912562797772,0.254685848120117,0.304958115771898,0.279135926622585,0.324763257282703,0.281126383851201,0.085495783796032,0.518559813139569,0.254316783247409,0.132549235051296,0.432760161924744,0.0976289114092311,0.101172535137852,0.0601386267775556,0.185630666141329,0.251757565004317,0.458055794060429,0.161917578840536,0.0344179575451903,0.149433646059511,0.107722678094799,-0.119384207445385,-0.117950245023748,-0.266271452330004,-0.151804452800115,-0.273340744150614,-0.2970291725245,-0.200343470008737,-0.213234155399813,-0.0303623948979859,-0.040072527648928,-0.109406417123546,-0.293385247799438,-0.245346968080237,-0.0727897648314142,-0.158073576610199,-0.279932344323614,-0.357006600578836,-0.193568891378811,-0.424151504416182,-0.208042969087785,-0.247775387622369,-0.163376787146123,-0.25155220976466,-0.323356758964762,-0.371361056871879,-0.34737157353495,-0.281451685505673,-0.353534773699097,-0.373468157563456,-0.389119090859431,-0.295068752595557,-0.421559824944687,-0.39273378869195,-0.358595227371717,-0.44520532168144,-0.180740429144861,-0.427784832850497,-0.191817710571134,-0.310388860573269,-0.439670843639392,-0.272638936423352,-0.403700553592157,-0.232463976378889,-0.420105571270377,-0.398617439025078,-0.47813013131981
ZNF692,0.447887571722745,0.490221918777982,1,0.398772106151641,0.518036129944374,0.237419992970486,0.283515782517546,0.346095349525651,0.556183142309648,0.486911853793663,0.478196225216482,0.366936251406285,0.299357539275338,0.367315688018857,0.379516037606657,0.491329394710058,0.417260086592715,0.26403031528939,0.323272118806552,0.275514600429767,0.612290827361376,0.42670269925782,0.30564591092155,0.279849554790043,0.407979347697833,0.216013797635973,0.0612402463276719,0.274966639066679,0.198258282789017,0.254102395450395,0.13041369603456,0.371122635844907,0.237770315189893,0.232358646619989,0.440904705681392,0.364233876555653,0.143008160361406,0.184261769586279,0.10606814155001,0.17634618774378,0.465649957924461,0.257069346099329,0.100876935807662,0.266679561576259,0.32516267121396,0.126404435403553,0.0301522453679035,0.128153206726148,0.0952021875267262,0.227191866996068,0.451348087165193,0.131426542583323,0.190712183408727,-0.0807126835152391,0.341305827332018,-0.238572393161521,-0.0419554852170587,-0.0480274980558154,-0.0999126475395681,-0.175226136360532,-0.16094350373357,-0.106985234400117,-0.170734394128731,-0.177334756457557,-0.00157778665112897,-0.0858349823813305,-0.120125017014191,-0.089320513862162,-0.0756774458772341,-0.0972237034208481,-0.220143137137698,-0.18380937524784,-0.116977555527777,-0.257605344030745,-0.223456748987208,-0.202441273368624,-0.206475586318862,-0.0717754919300043,-0.128253292598735,-0.387588808672883,-0.314219827407447,-0.29652987528486,-0.18468374426552,-0.297970243761893,-0.199334284967163,-0.36861072683959,-0.202637827778447,-0.271507299983257,-0.345859203254013,-0.265528869563315,-0.129485815012522,-0.21295674312049,-0.186865078492985,-0.362512272536352,-0.259771560818614,-0.411520465452916,-0.453870598646079,-0.358846306814052,-0.372301519913832,-0.168681371954531,-0.476236613213653
NRF1,0.525403402714552,0.396138692516183,0.398772106151641,1,0.364684355352909,0.319076825370043,0.248949727502605,0.361678140638565,0.426368183208848,0.258756835677544,0.371337071464632,0.397188807435109,0.35608287304834,0.367009012597665,0.171525981354702,0.347550928273229,0.238030157936602,0.237973540906158,0.288329779863816,0.215706076455957,0.389228779946388,0.265653746833414,0.281500843492921,0.359010890896218,0.331178754902649,0.0640287200437926,0.213521053989639,0.260710466133587,0.289379506725003,0.284850143623296,0.151725451000638,0.340474431870235,0.240531244302721,0.217964761750772,0.303519071565723,0.315078317789523,0.0996789853145526,0.35263258658497,0.271311663826192,0.182571594782436,0.213606667002667,0.245881646539285,0.268601098526987,0.184432462901733,0.127884449034218,0.175407362256897,0.104502012788203,0.215489621731409,0.134711453277717,0.0549185478238468,0.211977891762265,0.332114466859996,0.174813480780358,-0.0575987112892222,0.276681598499284,-0.113277634365114,-0.0721578101612644,-0.0605292329817014,-0.0903146224553622,-0.0169498302853263,-0.066317543467233,0.0528383532313093,-0.0237314733053813,-0.237296208026402,-0.133633758235393,-0.23897858622311,-0.0417535557592097,-0.034192855984772,0.0149494245563459,0.0749936302576758,-0.0842292309254398,-0.105214299137876,-0.0687787187455619,-0.0248241779805023,-0.0486300248768088,-0.187809732058346,-0.210161619567787,0.0032458023573243,-0.00678356865926748,-0.109142947004284,-0.0944205047628238,-0.0889377310423294,-0.126127884646129,0.0411306094986593,-0.163913407625953,-0.242191391284018,-0.0914710649424855,-0.191358664622094,-0.236600349388174,-0.193748708215723,-0.230236135559061,-0.194163497514762,-0.123360178090552,-0.233833464747111,-0.132699227211964,-0.254867525689456,-0.252040662268142,-0.284859035754937,-0.19763835214705,-0.137206336112349,-0.467450555908527
MTA1,0.425704595743446,0.473007956872163,0.518036129944374,0.364684355352909,1,0.505909872833749,0.312832524794486,0.414772382434409,0.350780103364916,0.428333309750197,0.357683441959566,0.499376915836593,0.472696611869826,0.372012743576741,0.383682959002406,0.491819449539378,0.399589332660047,0.423658271711246,0.347297055861432,0.261909126705969,0.341174696683073,0.483696316519545,0.488757517234362,0.379606099949143,0.472228015108155,0.305950111127353,0.332878868243172,0.369153026817453,0.246146773404118,0.473459167922041,0.263002648344524,0.165712214238654,0.311645926840929,0.478044239623447,0.233935264843102,0.314339518671588,0.418844580180031,0.44677260576243,0.220049466686306,0.468787087993026,0.328259789000391,0.146548176420201,0.273224931823929,0.204195648076297,0.274369288104962,0.248418160314526,0.114739354201214,0.233967700329691,0.393951838419218,0.255679488071012,0.298883947264789,0.255796368106068,0.293440403044562,0.0777293109729613,0.317334997224234,-0.273029460968308,-0.127027442602421,-0.0760029865934132,-0.0873303628859182,-0.077083421906111,-0.1710170308213,-0.0664687616133225,-0.0775497694804745,-0.217456858806689,-0.113270975486711,-0.208205388649168,-0.118165608863345,0.0646228533569216,-0.041431688687818,-0.110707412839142,0.0406968691611535,-0.0729455740314676,-0.183617213124959,-0.117162977081829,-0.0448461183617672,-0.0633776846492429,-0.148962341783287,-0.160668324192053,-0.0590000003180679,-0.126629607567398,-0.133111634480675,0.0176939883066992,-0.129273502018376,-0.16672699704984,-0.136952531023038,-0.381914354051781,-0.206954513089604,-0.147938464777827,-0.203319441997925,-0.291654367901062,-0.159367041614775,-0.159915408753867,-0.267575752140536,-0.350203125667072,-0.265166375368097,-0.371893687613973,-0.326118458273006,-0.352305498565889,-0.2474521693133,-0.19787638771306,-0.456179414971055
RCOR2,0.347275813693376,0.251225195728045,0.237419992970486,0.319076825370043,0.505909872833749,1,0.365241133577867,0.272668743505909,0.124317624149919,0.198510335411239,0.177011959603331,0.367881964236561,0.426326453544941,0.39191835396395,0.176892770494304,0.212472533407857,0.150859738090462,0.385507086565341,0.223968412411472,0.11070315449901,0.00627606770796428,0.173370821083516,0.287104624252109,0.436771631026367,0.358379087720425,0.182708300892018,0.298521485615231,0.363637112174723,0.122485754673202,0.287972302100352,0.332556656074914,0.109106130984252,0.29146900247663,0.191104836527268,0.173787667287924,0.136231882908985,0.256570930234137,0.487719249902339,0.276526777095097,0.300133852532007,0.22664900507673,0.0187030766621824,0.384919600614981,0.247902731035327,-0.00172045309990999,0.245144845492246,0.0783890579284337,0.395746114677155,0.23995829355868,0.0142869387126647,-0.0137264132922411,0.213496764610454,0.304151114897583,0.0471122514181151,0.415639405928222,-0.282370051016449,-0.24826351396726,-0.197649148021248,-0.0776932275548683,-0.0426712934694082,-0.106284243608945,0.060908134954743,-0.113659457853434,-0.266958949637922,-0.212233266096351,-0.242915499729302,-0.201106638906838,0.0889082540101542,-0.119047541482563,-0.101111519554269,0.0811476568777246,0.0258999348437316,-0.228463930430551,-0.0113044567873984,0.100768851531869,-0.0817639284116974,-0.265199452476494,-0.032136020368169,-0.0800216107457915,0.0844779146011915,-0.0908467827318036,0.0157490746318168,-0.0792238498247485,0.00629777186413356,-0.0719320680813733,-0.451623203055734,-0.0829019711132684,-0.167337044259043,-0.147340433173649,-0.107239582148933,-0.212218576889645,-0.10738833098235,-0.304798899606052,-0.359261635214676,-0.116024445146348,-0.29504238914548,-0.0627034129496476,-0.380373779725311,-0.239708236171415,-0.151355093518517,-0.4465370661256
E2F1,0.351395999920049,0.287379103157834,0.283515782517546,0.248949727502605,0.312832524794486,0.365241133577867,1,0.271323809984733,0.137300189379691,0.22937081481259,0.335608445611245,0.564957941664341,0.369185558572783,0.275929059838681,0.360732708637394,0.373321795197359,0.159601098304128,0.501342482455744,0.256237376337975,0.311538579004986,0.102881143168761,0.104599175132082,0.0757181302392259,0.403364278026383,0.506922655395192,0.417937447118284,0.434838550934804,0.470899332081484,0.0330213874514051,0.157706358027021,0.417428552860048,0.316712133844528,0.472237220415726,0.154811512634879,0.0478571074592682,0.00750691911850108,0.283315664717066,0.199724529985538,0.250324357250361,0.385367454539329,0.28015485664548,0.106454473250739,0.482929442231124,0.406545812807682,0.24971810540054,-0.00380047088890429,0.34942549937623,0.405881878284086,0.0870702935065269,0.0304746445937923,0.195421743690419,0.132781263563764,-0.122585613967213,0.205518030614182,0.156930832251771,-0.188387225490048,-0.17354137622955,0.0421466099162718,-0.385102718131378,-0.0386712185124075,-0.395707611124128,0.0778891153540887,-0.00427408972286717,-0.129054600894996,0.102601684400495,0.134827461859274,-0.0582963472035022,-0.0699271378460357,-0.309287434918474,-0.362261590953239,0.0119012464729835,0.00813181663446088,-0.117379597575278,-0.0407987740817123,-0.31058573576925,-0.314362416016789,-0.114220039861356,-0.335536415298391,-0.161995717165212,-0.209595457792115,-0.289895247315266,-0.183231651976687,-0.0457724019247323,-0.201004465973505,-0.334202075291422,-0.25740599836699,-0.193030676395111,-0.0128394768315338,-0.271575962213699,-0.0946271671293417,-0.307790108206556,-0.1763810572964,-0.492550217028752,-0.162064776865034,-0.26762237434596,-0.185532538745331,-0.120256575602467,-0.572658324292953,-0.213653528489551,-0.425272067067442,-0.444002024644021
MIER2,0.331972281128383,0.518790138773322,0.346095349525651,0.361678140638565,0.414772382434409,0.272668743505909,0.271323809984733,1,0.32234513654205,0.414282381734717,0.353991614881907,0.483797064253231,0.47348872936935,0.160075319250146,0.372516372984689,0.480146773580792,0.314365785666811,0.299131935883839,0.394910622550602,0.367827022037811,0.372976904530785,0.327544682312163,0.382885266308675,0.314954135572147,0.306694782629812,0.485926629629725,0.394328243508848,0.384536667154492,0.454131532269363,0.442175440516101,0.264216330872634,0.233064695790546,0.219839057231395,0.395746115987023,0.139292270543918,0.0629467812029453,0.239297070140192,0.251130820402096,0.244459231638988,0.338369372676977,0.263775194595007,0.294437657957185,0.224364521516489,0.086211470227737,0.247929553086518,0.0658113102685669,0.266481810184476,0.18493324283337,0.344826509315638,0.265328499326844,0.406222673550201,0.136785951546931,0.0592455313897154,0.298955967679796,0.109913696224624,-0.118741458299706,-0.0182328632699937,-0.0944786096827544,-0.246226331984237,-0.173587143808545,-0.270209592984966,-0.126319307770865,-0.10579887281348,-0.0945258368854327,-0.0415303328065258,-0.0683988838041556,-0.0984571907408736,-0.119805718640394,-0.211665292226284,-0.26818486123018,-0.178028128475058,-0.298364341475015,-0.213346828387968,-0.302158771467187,-0.182333203787879,-0.298137185248716,-0.148518554586135,-0.281680800011876,-0.260870728200445,-0.272880109151173,-0.193931419527641,-0.120861829995214,-0.235394007131431,-0.256711682247124,-0.420747625404352,-0.192564309180046,-0.277599051079338,-0.30149832997795,-0.264655306736621,-0.288216076629519,-0.283324378479647,-0.314513679700835,-0.283208620702126,-0.24168566619539,-0.281139681306235,-0.182712649991861,-0.34996867977868,-0.28924564450387,-0.262227185968964,-0.337370633554102,-0.441054494529449
DMAP1,0.42896735361077,0.604603861407488,0.556183142309648,0.426368183208848,0.350780103364916,0.124317624149919,0.137300189379691,0.32234513654205,1,0.510801264380762,0.529115015757132,0.282641379995516,0.201530265803012,0.339635956278529,0.291295825306174,0.312506685971015,0.524479559436474,0.0585362841630805,0.375469774098721,0.4532172784679,0.710735790912553,0.485226288796184,0.294526861580785,0.161184682882057,0.147775114564665,0.116095851160403,0.00162418899331399,0.099862044660651,0.370410081423301,0.291296050781156,-0.0473478122045243,0.333809407468823,0.0204608581555569,0.246273518597603,0.335020659811064,0.463920898915216,0.167704632886501,0.197257252459423,0.236076399145176,0.0523588953795566,0.0880604692869443,0.482824397093899,-0.0100279108127239,0.0558870862458212,0.364185044920287,0.163843896835597,-0.0685167540028072,-0.0673797604403248,0.0183628833669144,0.332483276770872,0.366012437271855,0.173512345385745,0.181286512685875,-0.153974195238227,0.194524382334939,-0.187918470566889,-0.133043377579134,-0.360608193866898,0.018449520891917,-0.322158309719168,-0.153875687419153,-0.363361564720861,-0.281843705830742,-0.148508695077839,-0.0687128828393732,-0.181832359996837,-0.337251366373433,-0.366239513442263,0.0222224727075438,0.0123291084008526,-0.359419233220387,-0.307443392498342,-0.186851980212845,-0.490087531161182,-0.179067237774979,-0.129571779840425,-0.268581487447173,-0.106574124184724,-0.282307867876158,-0.372307424215758,-0.343154060548896,-0.448365352724997,-0.449430018150915,-0.418151975990928,-0.256497237625176,-0.315860731196732,-0.286352803680674,-0.388971610009476,-0.429986161558583,-0.435520855339194,-0.134140535327277,-0.296642177654786,0.0350068041909309,-0.313309317768778,-0.36394952864017,-0.438854242508555,-0.511880143130927,-0.108997073961004,-0.588613124744003,-0.218678101448778,-0.435723846831621
ZNF205,0.394623262717534,0.543189150439795,0.486911853793663,0.258756835677544,0.428333309750197,0.198510335411239,0.22937081481259,0.414282381734717,0.510801264380762,1,0.601787764822632,0.419366406835076,0.359031525823281,0.52071397088336,0.502964316631998,0.281503346628931,0.538844398825397,0.208517326640244,0.385150317668407,0.485733737498596,0.497833388299657,0.500342818124719,0.282401258715163,0.136788684017288,0.388393622530794,0.353466793212673,0.221076615207434,0.192684149723341,0.507568392989453,0.387933965759022,0.105416301685458,0.131398603413717,0.125873240306218,0.448034137242945,0.216605459219473,0.477238466393132,0.372472806121499,0.236915583116901,0.309610004879694,0.198499508873901,0.0460446182004385,0.401352456149916,0.0997190749721591,-0.0585830381184245,0.377360080190972,0.39050245082627,0.193227291940621,-0.0239346435720117,0.201165749056193,0.3773394638361,0.505594436828268,0.110374555870585,0.180336635401058,-0.0177377086258487,0.139090280736406,-0.268386881176198,-0.151766746065422,-0.220523481995497,-0.00562092551421626,-0.379877828104424,-0.400108840723531,-0.364759357513751,-0.294516681248359,-0.201008592324363,-0.069167446530407,-0.127005633427384,-0.215181668879747,-0.4074025547979,-0.0528137961145778,-0.166152259798356,-0.323565163151774,-0.362607315556812,-0.220417730691914,-0.481699801152053,-0.313476841499207,-0.216306613805296,-0.23541879212712,-0.247179408059316,-0.352669269777003,-0.391338840050983,-0.295405839085489,-0.344009590284124,-0.524758360275688,-0.523037983484374,-0.34727587379096,-0.284774942199367,-0.363733805842514,-0.3684922222839,-0.368313644552232,-0.413907151671995,-0.185275929289161,-0.279316912272044,-0.141285768717033,-0.254514062502493,-0.390606061377786,-0.467681083454388,-0.509711531103613,-0.245529347279217,-0.479474681606126,-0.385804739019275,-0.43411648856485
RFXANK,0.38027066547181,0.528225655129536,0.478196225216482,0.371337071464632,0.357683441959566,0.177011959603331,0.335608445611245,0.353991614881907,0.529115015757132,0.601787764822632,1,0.525280370587257,0.395946873565045,0.470405276243692,0.508446453328588,0.208536494213976,0.498309022460008,0.234376288351334,0.419522383708315,0.621124848546867,0.558774742602351,0.531930950115044,0.18214901147792,0.29005493136041,0.365794013989558,0.289187778213595,0.297394860034639,0.328693661240997,0.499838999142369,0.336983296182064,0.171432756192056,0.309706213393754,0.13013670537521,0.346555564642012,0.154585066915342,0.414352696390922,0.288532065351801,0.312487164158633,0.376444817253069,0.238268904143499,0.0953621861531456,0.493977836987155,0.234271786995507,0.191896410942273,0.209570852782059,0.175193927293872,0.237008775497206,0.139098512314492,0.0124763761309454,0.393438720401575,0.561478814689478,0.243225697389714,0.0855094732131343,0.0398125737716923,0.194546783068316,-0.179038396615511,-0.162516804245998,-0.160313514022177,-0.108907045308268,-0.39680048699816,-0.478781802314066,-0.273451832574467,-0.158186469058416,-0.125813209542207,-0.057487691215705,-0.0272391704583368,-0.268427270894435,-0.480516035205098,-0.0601684690501557,-0.129738064145918,-0.337613809533897,-0.255061734569524,-0.252387880500413,-0.440234275769714,-0.438496552485614,-0.324170407148085,-0.14073324738632,-0.28090231716759,-0.365776945920837,-0.508355585326346,-0.447900027739114,-0.49072510445631,-0.483818086874626,-0.453947530226313,-0.359564529917736,-0.29857721016657,-0.439782634707925,-0.192106643979377,-0.351602329183773,-0.397363486100679,-0.232940366004204,-0.422747251349166,-0.263424249049831,-0.326834974767326,-0.506529692442759,-0.465252127868215,-0.49251474297916,-0.374764091279205,-0.416653821186791,-0.457426973033333,-0.433538460674477
TRIM28,0.394358792612655,0.476993839538192,0.366936251406285,0.397188807435109,0.499376915836593,0.367881964236561,0.564957941664341,0.483797064253231,0.282641379995516,0.419366406835076,0.525280370587257,1,0.560118208539168,0.411201519100276,0.425601546980646,0.49266963433682,0.299755838048039,0.49651597161196,0.482257312457129,0.364035385850226,0.343830605177252,0.388711357908372,0.141729607879326,0.565487744641934,0.605346251380102,0.489553876464919,0.509927397669095,0.536348521105119,0.339379948476954,0.343834734765294,0.423116185277198,0.381964770566726,0.411281241886993,0.402284681666933,0.115306049408095,0.113043397349619,0.416536884921479,0.348354046705061,0.375542685401368,0.448905572213469,0.276488176123395,0.338736873177787,0.53063853268775,0.273281844781047,0.265428816206942,0.117302219045201,0.451277346138244,0.428451714888219,0.208887187604278,0.193597156498207,0.429476353793521,0.269151337726869,-0.0112576304241596,0.200185796682702,0.257993248590568,-0.305999703197863,-0.0845060128648358,0.0430009778553821,-0.332454462030379,-0.1030040055351,-0.500727540668796,0.0197570610649197,0.0611344999976962,-0.15115932985554,0.0509097701365298,0.0714135173340615,-0.0418245257780081,-0.112347620152232,-0.245126016157176,-0.294733378135512,0.014186546540094,-0.126143592379551,-0.199931023071567,-0.20285846951132,-0.306832088342324,-0.379007320036246,-0.187229941410278,-0.319174030362823,-0.222584444786821,-0.306173438889621,-0.248124712631362,-0.124795231382915,-0.218064714238529,-0.274594761708338,-0.43817547089785,-0.350560219012997,-0.268275820158333,-0.0940163560554034,-0.342240277665765,-0.223149348611664,-0.328046014397332,-0.273733884619071,-0.465072801825243,-0.216858521656469,-0.379226089060608,-0.286277237359484,-0.375208380552732,-0.59983309330077,-0.218659933589191,-0.449122090600211,-0.404228750746397
SMARCA4,0.435120186924662,0.410530023875034,0.299357539275338,0.35608287304834,0.472696611869826,0.426326453544941,0.369185558572783,0.47348872936935,0.201530265803012,0.359031525823281,0.395946873565045,0.560118208539168,1,0.387253431412184,0.479478220408299,0.408985002115408,0.290397755350864,0.461764017634184,0.438653068886495,0.195593540266612,0.202298254364792,0.242370989316547,0.378820496629194,0.479045653934427,0.44497883820772,0.346485800932962,0.565049001204806,0.441513079633477,0.423598854362235,0.494809282913168,0.304337199741405,0.237218564649893,0.315580552902959,0.47768633414893,0.157088615354501,0.108202742560616,0.248224710190657,0.339197524036176,0.180745711505399,0.504642756465191,0.344439652675367,0.222062295074507,0.425797693402577,0.0833460828490835,0.184931122167862,0.283540611777868,0.215982479180206,0.354696079832529,0.36550340310292,0.129918853069555,0.307263531188753,0.222735898895473,0.249730576411023,0.0793595475655801,0.267510910529677,-0.274888341580677,-0.141885169590863,-0.00728345593026596,-0.217031464774134,-0.0504660556540597,-0.273311398503394,-0.0803385530015925,-0.00780913986173353,-0.248871834937033,-0.145874566552108,-0.128960326407756,-0.0350181178211699,0.0657531116005671,-0.0695005605747562,-0.194187002411172,0.0751224910260558,-0.0427012581693631,-0.207467020126689,-0.176677341080654,-0.103633345781461,-0.220824522485016,-0.209641424157299,-0.146569882865961,-0.180138308479744,-0.0949709713236113,-0.0543543169143418,0.0783222120654053,-0.196835306101847,-0.144239885769238,-0.312529046131578,-0.355280004422252,-0.214475958469872,-0.227415718402279,-0.214827825090288,-0.18284549496601,-0.285348167892774,-0.227713090411112,-0.313486097565795,-0.252470879080027,-0.26359781080505,-0.25672349763288,-0.202218737804901,-0.466381989002662,-0.171852635751041,-0.357925432609203,-0.384915459113271
ZNF48,0.443248842667323,0.295840053667697,0.367315688018857,0.367009012597665,0.372012743576741,0.39191835396395,0.275929059838681,0.160075319250146,0.339635956278529,0.52071397088336,0.470405276243692,0.411201519100276,0.387253431412184,1,0.2806290353187,0.13183388953375,0.351880208934251,0.258677852324699,0.273746015475074,0.234877246736131,0.286279332337885,0.389721662735852,0.17226724091826,0.265933013753249,0.303000888466022,0.16550582726481,0.138738237887593,0.196638734736968,0.338959721406363,0.315148051490605,0.109952039769982,0.138589729197542,0.156372887416746,0.295655088816407,0.34916094017089,0.538813002673709,0.248195926326858,0.388210842641946,0.332118796310346,0.148354389156788,0.106899152195749,0.274266625267918,0.189617105377763,0.0558041774707144,0.104912660400511,0.543552787168929,0.0284412863091486,0.196835846199056,0.0697796913377804,0.224479251524362,0.269842033790924,0.223560941544166,0.472806922951816,-0.269618893253458,0.382534921209395,-0.328270633472506,-0.119241463566856,-0.0919746340582689,-0.0895501337936591,-0.174640485456169,-0.241781326444414,-0.195109179911633,-0.137869839016594,-0.35396518901412,-0.151977538781424,-0.225521581942245,-0.219109712895484,-0.227624816349991,0.0424169045833563,-0.0119006067587853,-0.0728347342013581,-0.117583023101417,-0.1957242219076,-0.252048940168534,-0.0749576723095733,-0.142396356593879,-0.279234292339051,0.013870119962054,-0.136149785450764,-0.170016451959666,-0.199688244791608,-0.231354072942625,-0.322807876993935,-0.241668039675084,-0.120114725420951,-0.442279764396736,-0.120619732626337,-0.230402123961736,-0.355966039392225,-0.205544363988022,-0.109848519270456,-0.0320530416595281,-0.146554657206818,-0.292148035557128,-0.247523208410165,-0.507234643553607,-0.355207095402562,-0.298285445100453,-0.381391959340527,-0.206793233920809,-0.38065531898979
CC2D1A,0.20244184575356,0.405146175461256,0.379516037606657,0.171525981354702,0.383682959002406,0.176892770494304,0.360732708637394,0.372516372984689,0.291295825306174,0.502964316631998,0.508446453328588,0.425601546980646,0.479478220408299,0.2806290353187,1,0.347709843758549,0.37975016561028,0.292318038702673,0.348770746565243,0.357371558043634,0.355603554192317,0.337318508515553,0.289779458538499,0.214013478680133,0.392163822794114,0.449160858431017,0.399492012517399,0.359157980884583,0.351342387781916,0.393013696866244,0.286617009025142,0.140906556686263,0.173328712624425,0.492915333654551,0.0178769849448628,0.222695397334327,0.324581867740265,0.0643724520125576,0.201343198304938,0.429643800365198,0.199185011813455,0.259993723590959,0.170937885032691,0.11540025980749,0.373914842148001,0.189545676859586,0.14821845226061,0.0595344642160171,0.250581417107697,0.373981066655932,0.393906598171822,0.089674061449048,0.0800413468153467,0.168016976902187,-0.00829103929419321,-0.248102169769577,-0.1056396782455,-0.0791830003172823,-0.179490655530298,-0.220963422272118,-0.495685763496443,-0.291248666817866,-0.197688508331743,-0.181799003147388,0.136444736607899,0.100248166277932,-0.109241076868781,-0.207092322561775,-0.213101445580493,-0.29743399951263,-0.180271347341143,-0.146936977621602,-0.236808621904694,-0.410196098749947,-0.328792211914103,-0.2666664878825,-0.0256896058228712,-0.385792096649579,-0.318449951530118,-0.355188121744413,-0.224427467976929,-0.21564679668358,-0.35066687241183,-0.516935654460605,-0.482412422834501,-0.20601938488657,-0.271923816459131,-0.176854977715495,-0.251370350107635,-0.374546562206931,-0.135091459429789,-0.2512432923602,-0.266602921735573,-0.233171674212405,-0.407215993781253,-0.38198126340064,-0.343549451550983,-0.387809304444369,-0.201783473384738,-0.427024119312069,-0.380501260352997
ZNF335,0.348033545377404,0.435262808459467,0.491329394710058,0.347550928273229,0.491819449539378,0.212472533407857,0.373321795197359,0.480146773580792,0.312506685971015,0.281503346628931,0.208536494213976,0.49266963433682,0.408985002115408,0.13183388953375,0.347709843758549,1,0.25860846891923,0.371717676074053,0.371731203242324,0.2057048537356,0.379089164864871,0.27733201122799,0.405981510053005,0.250926366243934,0.383079309502792,0.356826476183362,0.372913456108764,0.327462706671636,0.177903601354936,0.304539114250132,0.289146207762165,0.163196646136735,0.390195359287971,0.469681463364149,0.178825345038175,0.114075003984128,0.241788457304639,0.231696184814535,0.0753313244707361,0.466378947694498,0.378826964907888,0.133207987976258,0.172258377782046,0.174719821104825,0.464543050621807,0.000500043523658875,0.217578514011517,0.120820238079941,0.3760533903293,0.178355638074163,0.23318483995483,0.137107333315521,0.0955117431681905,0.124309755594727,0.196651644915952,-0.160477102682371,0.0493790233830522,0.132205512647905,-0.312176151423967,0.0482610224976727,-0.101696909179062,0.012400696710718,0.0252309408083241,-0.221988800124197,0.0482447874746251,-0.0294533887745454,0.0871638583283702,0.166926544749673,-0.203073692707348,-0.283255394953676,-0.0175984183369465,-0.147330144172997,-0.0538118953865163,-0.123947061708563,-0.0942070944946104,-0.11207093250945,-0.128023362802882,-0.2371432358887,-0.0542030247799208,-0.160354262530774,-0.0582177118219447,0.124126774866063,-0.0384398421484276,-0.167019959212586,-0.264688241933711,-0.245994205139835,-0.151608997327707,-0.136891172712193,-0.256627751649374,-0.22618674547153,-0.210088112358715,-0.119066626687729,-0.253493188560128,-0.165411901264667,-0.269091393795681,-0.206022714058119,-0.353937969010648,-0.369351424075827,-0.123671946502014,-0.213475115341715,-0.378225606507424
CTBP1,0.314223053977564,0.518633520960918,0.417260086592715,0.238030157936602,0.399589332660047,0.150859738090462,0.159601098304128,0.314365785666811,0.524479559436474,0.538844398825397,0.498309022460008,0.299755838048039,0.290397755350864,0.351880208934251,0.37975016561028,0.25860846891923,1,0.145123100061806,0.350508244059637,0.446717069787423,0.485292317728325,0.472193628472729,0.197960192327266,0.093315586887572,0.210888532774715,0.27012418576947,0.150820778604256,0.225535784198764,0.412681854934101,0.346818019030122,0.0501529173749619,0.177421521926021,-0.0459115872500194,0.380689029377031,0.173021827128614,0.419036688966623,0.274975907285413,0.168821834569255,0.223503119799195,0.162077720847358,0.0244417471430437,0.386454426122174,0.0361771490033479,0.0389988412425531,0.374579263711166,0.239097293653049,-0.0438299747632761,-0.0571983241896643,0.177671790300178,0.405111683576228,0.383584876389488,0.0941119342229349,0.150507774152038,-0.0367786727314528,0.0822953899249595,-0.247846637339733,-0.0348574223678426,-0.260751456226578,-0.0937239957308892,-0.370753580086786,-0.269762323117042,-0.351097384308827,-0.29831770346246,-0.170552773629829,-0.0422958727195773,-0.061176847787898,-0.309373835058463,-0.30159259286932,-0.0419616554553805,-0.0573342068908311,-0.273338091361907,-0.314613895945551,-0.233900030900639,-0.474157286220304,-0.244421001531844,-0.168562998086749,-0.0707673314499717,-0.223896601673274,-0.311347367381579,-0.33520653548622,-0.257777422658218,-0.34253282091597,-0.496775210824745,-0.480079391688202,-0.235488197859845,-0.292691063123854,-0.286980525360715,-0.258014633663446,-0.331139501363954,-0.449419299138475,-0.131720572134539,-0.262033648872,-0.0762171804837844,-0.336752446153026,-0.373081616156039,-0.430767451305718,-0.44316742227792,-0.148506371688979,-0.388426879925454,-0.324471881461603,-0.364065095590225
FOXK2,0.24090655593335,0.26589333376331,0.26403031528939,0.237973540906158,0.423658271711246,0.385507086565341,0.501342482455744,0.299131935883839,0.0585362841630805,0.208517326640244,0.234376288351334,0.49651597161196,0.461764017634184,0.258677852324699,0.292318038702673,0.371717676074053,0.145123100061806,1,0.286377167019062,0.2054992912362,0.0886096453253603,0.147825642592976,0.200395286639417,0.43328760800482,0.448622661236608,0.346509531161951,0.440767531114474,0.468988259950188,0.0515972369093658,0.274039600490318,0.395700428531252,0.253159353818194,0.407239142099484,0.256740328511896,0.0923170987115359,0.0239599371163788,0.233352020416095,0.27678217306431,0.165422514031607,0.465724675387634,0.302789107380931,0.0947571458421769,0.407148754557207,0.25085185298721,0.110961473935856,0.17153316130994,0.307756690068289,0.382409032815968,0.294603027901868,0.0604846388304248,0.161486849962514,0.174877163903786,0.0515055169709656,0.266117121128071,0.22864280140377,-0.220188514574111,-0.128579953472475,0.0877346059588629,-0.285584885539933,-0.0257521663497804,-0.316732788010847,0.0317149464566209,0.0433849148102628,-0.120778072548192,-0.067718497169773,0.104116121080903,0.0260012915707392,0.0500291051086768,-0.201395179614228,-0.241722630842988,0.0688953860600632,0.0604597235509056,-0.0238320754981318,-0.00144500899390397,-0.157672199597619,-0.225675848935157,-0.138526156665644,-0.170041245249776,-0.0739295921230166,-0.149820639395108,-0.118921241280092,0.0552764441834975,0.0413648152599726,-0.0904146638745696,-0.24224472861524,-0.256205220407064,-0.23008643544625,0.0204017495802244,-0.199715177635347,-0.0965564746453288,-0.238863984899161,-0.162770958081016,-0.385533805376745,-0.137046462711089,-0.230911822789636,-0.16645354659791,-0.0639401252342149,-0.514729296455303,-0.102713319344245,-0.305999200294552,-0.36260294978874
SUPT5H,0.348725320300364,0.518063739173576,0.323272118806552,0.288329779863816,0.347297055861432,0.223968412411472,0.256237376337975,0.394910622550602,0.375469774098721,0.385150317668407,0.419522383708315,0.482257312457129,0.438653068886495,0.273746015475074,0.348770746565243,0.371731203242324,0.350508244059637,0.286377167019062,1,0.369810235375531,0.404868099440562,0.308437959892742,0.306905596156938,0.256196414029341,0.2577758805015,0.279531347962525,0.314958951211212,0.275431633981874,0.406150505288688,0.316257603664475,0.160742062979171,0.241798750673708,0.104781198505659,0.345647621829068,0.169635904240309,0.148551404832521,0.360144136244148,0.27014109729262,0.213760853320223,0.320202731785913,0.0601789162379914,0.716053686077893,0.259952386703953,0.0587007109944755,0.319985876107601,0.138985796010492,0.118313952549186,0.0939814915722171,0.272689130672335,0.206558740620755,0.28145606820827,0.12348153490514,0.079295806130373,0.0673077441507578,0.111126774833869,-0.192906953082194,-0.150540155907064,-0.173651677229738,-0.0960499520350429,-0.211356836646548,-0.238048589644556,-0.193762998664749,-0.194517450152599,-0.0610858582168779,-0.0244855581208974,-0.0708267607275099,-0.220242593066195,-0.186026925408406,-0.0192094444022006,-0.152909692957476,-0.150895423381792,-0.190367483766018,-0.0973239491919502,-0.309721903786719,-0.158723342683322,-0.210175590638846,-0.212028247519452,-0.221983548938827,-0.285515513006629,-0.202328994635925,-0.223531235609332,-0.115914392595437,-0.29826219896301,-0.324120289508146,-0.30853461102785,-0.25617057152587,-0.334814654473406,-0.255743112652759,-0.32541774708384,-0.341305964034854,-0.223694693415666,-0.267406708897724,-0.159778750349415,-0.188165466114027,-0.379463845022047,-0.241750605601215,-0.334791875366451,-0.23470765365107,-0.307380780049512,-0.343651187639919,-0.358069884756934
DRAP1,0.303552989597629,0.523159858697395,0.275514600429767,0.215706076455957,0.261909126705969,0.11070315449901,0.311538579004986,0.367827022037811,0.4532172784679,0.485733737498596,0.621124848546867,0.364035385850226,0.195593540266612,0.234877246736131,0.357371558043634,0.2057048537356,0.446717069787423,0.2054992912362,0.369810235375531,1,0.428087196195968,0.375981693181193,0.0677919515081551,0.156451695821343,0.216625089436815,0.361459521233654,0.178862030870934,0.327134355588441,0.450447805963546,0.229579011143201,0.152882496098083,0.317366460797228,0.0375629324281096,0.169910597903235,-0.0148839977909601,0.260977909946312,0.268025363092069,0.3109788576066,0.346896361898704,0.0742665707386456,-0.0744659581367512,0.521622460795306,0.239383608724322,0.147371469988468,0.309436018156509,-0.0252090343160537,0.116437883253776,0.00598920649351569,0.0109575179229948,0.32039703312658,0.380949468284706,0.124739419381645,-0.121655652096543,0.236021436138811,0.00854411967454947,-0.093524372739316,-0.141027295710437,-0.288330610646247,-0.105614731524362,-0.429798527930865,-0.450869624970448,-0.288319741048426,-0.308203363287318,-0.0716747167607423,0.0500880393883069,0.0225633833375668,-0.469838169220277,-0.476455876255893,-0.0934335669012644,-0.240465625719793,-0.370135024331935,-0.234128084881125,-0.296392723858458,-0.432634851983422,-0.43296827059417,-0.344446981849189,-0.131155552694341,-0.323909617123533,-0.388547997465029,-0.495779125807203,-0.483285006738226,-0.500342023989711,-0.382723945389927,-0.473908289821198,-0.364485852816798,-0.204438218607113,-0.429848297398499,-0.209678743552351,-0.328095469696597,-0.385428130329983,-0.20563328235495,-0.380106862944135,-0.169582574765074,-0.364036725143917,-0.479031985314784,-0.322850990750273,-0.325373321398014,-0.217904038037277,-0.44220170598533,-0.359082716148992,-0.357152040295297
ZBTB48,0.315939028000395,0.690834172709721,0.612290827361376,0.389228779946388,0.341174696683073,0.00627606770796428,0.102881143168761,0.372976904530785,0.710735790912553,0.497833388299657,0.558774742602351,0.343830605177252,0.202298254364792,0.286279332337885,0.355603554192317,0.379089164864871,0.485292317728325,0.0886096453253603,0.404868099440562,0.428087196195968,1,0.442792855450607,0.225621266765261,0.228046744675775,0.200682030241704,0.181536866194842,0.017139146307938,0.188826710779632,0.343854620353766,0.227183973034046,-0.000398637763173346,0.370175069400406,0.0424734295085426,0.314655472952913,0.25610967093679,0.410530967627259,0.159953829147674,0.116352744111716,0.203547130100205,0.0847995392183061,0.143328857797532,0.472532152043805,0.0086851442969817,0.0613277751873466,0.409270675540612,0.0476165489953982,0.0091764255768856,-0.065521617083543,0.0193017565334963,0.317748104249821,0.471231427307374,0.158721010445378,0.0750455200438841,-0.0488494418337559,0.0847507126530764,-0.113443847631959,-0.0250641585303923,-0.157567955220597,-0.0653915307186476,-0.263736848422814,-0.21224650888055,-0.285337375605194,-0.1677762699596,-0.0424150598603495,0.0469664544815127,-0.00381495574953219,-0.232528774214825,-0.3157965827223,-0.00923895674052269,-0.0197779951869756,-0.371857540535806,-0.32526202148895,-0.119848089933972,-0.412095590336312,-0.309286051466619,-0.223920799037595,-0.121002920963819,-0.177847997783399,-0.265891747950644,-0.453470704688791,-0.348770454081642,-0.370844608356953,-0.356182793675379,-0.386291263333264,-0.280877432513384,-0.241565040773271,-0.301184206706544,-0.289677156333446,-0.398933345216957,-0.434920600248495,-0.125289271279998,-0.324330096031685,-0.00277731961144142,-0.223729880721596,-0.379873034280167,-0.335222398245759,-0.550197049150948,-0.149738023759889,-0.393249033232875,-0.248288142585279,-0.356488620549261
